1 41
1 42
1 43
1 44
1 45
1 46
1 47
1 48
1 49
1 50
1 51
1 52
1 53
1 54
1 83
1 84
1 85
1 86
1 87
1 88
1 89
1 90
1 91
1 92
1 93
1 94
1 95
1 96
2 8
2 9
2 10
2 11
2 12
2 13
2 14
2 15
2 16
2 17
2 18
2 19
2 20
2 21
2 22
2 23
2 24
2 25
2 26
2 27
2 28
2 29
2 30
2 31
2 32
2 33
2 34
2 35
2 36
2 37
2 38
2 39
2 40
2 48
2 49
2 50
2 51
2 52
2 69
2 70
2 71
2 72
2 73
2 74
2 75
2 76
2 77
2 78
3 1
3 2
3 3
3 4
3 5
3 6
3 7
3 23
3 24
3 25
3 26
3 27
3 28
3 29
3 30
3 31
3 32
3 33
3 34
3 35
3 36
3 37
3 38
3 39
3 40
3 55
3 56
3 57
3 58
3 59
3 60
3 61
3 62
3 63
3 64
3 65
4 83
4 84
4 85
4 86
4 87
4 88
4 89
4 90
4 91
4 92
4 93
4 94
4 95
4 96
4 97
4 98
4 99
4 100
4 101
4 102
4 103
4 104
4 105
4 106
4 107
4 108
4 109
4 110
4 111
4 112
4 113
4 114
4 115
4 116
4 117
4 118
4 119
4 120
4 121
4 122
4 123
4 152
4 153
4 154
4 155
4 156
4 157
4 158
4 159
4 160
4 161
4 162
4 163
4 164
4 165
4 166
4 167
4 168
4 169
4 170
4 171
4 172
4 173
4 174
4 175
4 176
4 177
4 178
4 179
4 180
5 69
5 70
5 71
5 72
5 73
5 74
5 75
5 76
5 77
5 78
5 79
5 80
5 81
5 82
5 97
5 98
5 99
5 100
5 101
5 102
5 103
5 104
5 105
5 106
5 107
5 108
5 109
5 110
5 111
5 112
5 113
5 114
5 115
5 116
5 117
5 128
5 129
5 130
5 131
5 132
5 133
5 134
5 135
5 136
5 137
5 138
5 139
5 140
5 141
5 142
5 143
5 144
6 55
6 56
6 57
6 58
6 59
6 60
6 61
6 62
6 63
6 64
6 65
6 66
6 67
6 68
6 79
6 80
6 81
6 82
6 124
6 125
6 126
7 152
7 153
7 154
7 155
7 156
7 157
7 158
7 159
7 160
7 161
7 162
7 163
7 164
7 165
7 166
7 167
7 168
7 169
7 170
7 171
7 172
7 173
7 174
7 175
7 176
7 177
7 178
7 179
7 180
7 181
7 182
7 183
7 184
7 185
7 186
7 187
7 188
7 189
7 190
7 191
7 192
7 193
7 194
7 195
7 196
7 197
7 198
7 199
7 200
7 201
7 202
7 203
7 204
7 205
7 206
7 207
7 208
7 209
7 210
7 211
7 212
7 233
7 234
7 235
7 236
7 237
7 238
7 239
7 240
7 241
7 242
7 243
7 244
7 245
7 246
7 247
7 248
7 249
7 250
7 251
8 128
8 129
8 130
8 131
8 132
8 133
8 134
8 135
8 136
8 137
8 138
8 139
8 140
8 141
8 142
8 143
8 144
8 145
8 146
8 147
8 148
8 149
8 150
8 151
8 181
8 182
8 183
8 184
8 185
8 186
8 187
8 188
8 189
8 190
8 191
8 192
8 193
8 194
8 195
8 218
8 219
8 220
8 221
8 222
8 223
8 224
8 225
8 226
8 227
8 228
8 229
8 230
8 231
8 232
9 124
9 125
9 126
9 127
9 145
9 146
9 147
9 148
9 149
9 150
9 151
9 213
9 214
9 215
9 216
9 217
