1 14
1 15
1 16
1 17
1 18
1 19
1 20
1 21
1 22
1 80
1 81
1 82
1 83
1 84
1 85
1 86
1 87
1 88
1 89
1 90
1 91
1 92
1 93
1 94
1 95
1 96
2 12
2 13
2 16
2 17
2 18
2 19
2 20
2 21
2 68
2 69
2 70
2 71
2 72
2 73
2 74
3 11
3 13
3 35
3 36
3 37
3 38
3 39
3 40
3 41
3 42
3 43
3 44
3 45
3 46
3 47
3 48
3 49
4 7
4 8
4 9
4 10
4 28
4 29
4 30
5 1
5 2
5 3
5 4
5 5
5 6
5 10
5 23
5 24
5 25
6 80
6 81
6 82
6 83
6 84
6 85
6 86
6 87
6 88
6 89
6 90
6 91
6 92
6 93
6 94
6 95
6 96
6 97
6 98
6 99
6 100
6 101
6 102
6 172
6 173
6 174
6 175
7 68
7 69
7 70
7 71
7 72
7 73
7 74
7 75
7 76
7 77
7 78
7 79
7 97
7 98
7 137
7 138
7 139
7 140
7 141
7 142
7 143
7 144
7 145
7 146
7 147
7 148
7 149
7 150
8 35
8 36
8 37
8 38
8 39
8 40
8 41
8 42
8 43
8 44
8 45
8 46
8 47
8 48
8 49
8 50
8 51
8 52
8 53
8 54
8 55
8 56
8 57
8 58
8 59
8 60
8 61
8 62
8 63
8 64
8 65
8 66
8 67
8 75
8 76
8 77
8 78
8 79
8 123
8 124
8 125
8 126
8 127
8 128
8 129
8 130
8 131
8 132
9 28
9 29
9 30
9 31
9 32
9 33
9 34
9 50
9 51
9 52
9 53
9 54
9 55
9 56
9 57
9 58
9 59
9 60
9 61
9 62
9 63
9 64
9 65
9 66
9 67
9 109
9 110
9 111
9 112
9 113
9 114
9 115
9 116
9 117
9 118
9 119
10 23
10 24
10 25
10 26
10 27
10 31
10 32
10 33
10 34
10 103
10 104
10 105
11 172
11 173
11 174
11 175
11 176
11 177
11 178
11 179
11 180
11 181
11 182
11 183
11 184
11 185
11 186
11 187
11 188
11 189
11 190
11 191
11 192
11 193
11 194
11 195
11 196
11 272
11 273
11 274
11 275
11 276
11 277
11 278
11 279
11 280
11 281
12 137
12 138
12 139
12 140
12 141
12 142
12 143
12 144
12 145
12 146
12 147
12 148
12 149
12 150
12 151
12 152
12 153
12 154
12 155
12 156
12 157
12 158
12 159
12 160
12 161
12 162
12 163
12 164
12 165
12 166
12 167
12 168
12 169
12 170
12 171
12 176
12 177
12 178
12 179
12 180
12 181
12 228
12 229
12 230
12 231
12 232
12 233
12 234
12 235
12 236
12 237
12 238
12 239
12 240
12 241
12 242
12 243
12 244
12 245
12 246
12 247
12 248
12 249
12 250
12 251
12 252
12 253
12 254
12 255
12 256
13 123
13 124
13 125
13 126
13 127
13 128
13 129
13 130
13 131
13 132
13 133
13 134
13 135
13 136
13 151
13 152
13 153
13 154
13 155
13 156
13 157
13 158
13 159
13 160
13 161
13 162
13 163
13 164
13 165
13 166
13 167
13 168
13 169
13 170
13 171
13 204
13 205
13 206
13 207
13 208
13 209
13 210
13 211
13 212
13 213
13 214
13 215
13 216
13 217
13 218
13 219
13 220
14 109
14 110
14 111
14 112
14 113
14 114
14 115
14 116
14 117
14 118
14 119
14 120
14 121
14 122
14 133
14 134
14 135
14 136
14 200
14 201
14 202
15 103
15 104
15 105
15 106
15 107
15 108
15 120
15 121
15 122
15 197
15 198
16 272
16 273
16 274
16 275
16 276
16 277
16 278
16 279
16 280
16 281
16 282
16 283
16 284
16 285
16 286
16 287
16 288
16 289
16 290
16 291
16 292
16 293
16 294
16 295
16 296
16 297
16 298
16 299
16 300
16 301
16 302
16 303
16 304
16 305
16 306
16 307
16 308
16 309
16 310
16 311
16 312
16 313
16 314
16 408
16 409
16 410
16 411
16 412
16 413
16 414
16 415
16 416
16 417
16 418
16 419
16 420
16 421
16 422
16 423
16 424
17 228
17 229
17 230
17 231
17 232
17 233
17 234
17 235
17 236
17 237
17 238
17 239
17 240
17 241
17 242
17 243
17 244
17 245
17 246
17 247
17 248
17 249
17 250
17 251
17 252
17 253
17 254
17 255
17 256
17 257
17 258
17 259
17 260
17 261
17 262
17 263
17 264
17 265
17 266
17 267
17 268
17 269
17 270
17 271
17 282
17 283
17 284
17 285
17 286
17 287
17 288
17 289
17 290
17 291
17 292
17 293
17 294
17 295
17 296
17 297
17 298
17 369
17 370
17 371
17 372
17 373
17 374
17 375
17 376
17 377
17 378
17 379
17 380
17 381
17 382
17 383
17 384
17 385
17 386
17 387
18 204
18 205
18 206
18 207
18 208
18 209
18 210
18 211
18 212
18 213
18 214
18 215
18 216
18 217
18 218
18 219
18 220
18 221
18 222
18 223
18 224
18 225
18 226
18 227
18 257
18 258
18 259
18 260
18 261
18 262
18 263
18 264
18 265
18 266
18 267
18 268
18 269
18 270
18 271
18 336
18 337
18 338
18 339
18 340
18 341
18 342
18 343
18 344
18 345
18 346
18 347
18 348
18 349
18 350
19 200
19 201
19 202
19 203
19 221
19 222
19 223
19 224
19 225
19 226
19 227
19 320
19 321
19 322
19 323
19 324
20 197
20 198
20 199
20 203
20 315
20 316
21 408
21 409
21 410
21 411
21 412
21 413
21 414
21 415
21 416
21 417
21 418
21 419
21 420
21 421
21 422
21 423
21 424
21 425
21 426
21 427
21 428
21 429
21 430
21 431
21 432
21 433
21 434
21 435
21 436
21 437
21 438
21 439
21 440
21 441
21 442
21 443
21 444
21 445
21 446
21 447
21 448
21 449
21 450
21 451
21 452
21 453
21 454
21 455
21 456
21 457
21 458
21 459
21 460
21 461
21 462
21 528
21 529
21 530
21 531
21 532
21 533
21 534
21 535
21 536
21 537
21 538
22 369
22 370
22 371
22 372
22 373
22 374
22 375
22 376
22 377
22 378
22 379
22 380
22 381
22 382
22 383
22 384
22 385
22 386
22 387
22 388
22 389
22 390
22 391
22 392
22 393
22 394
22 395
22 396
22 397
22 398
22 399
22 400
22 401
22 402
22 403
22 404
22 405
22 406
22 407
22 425
22 426
22 427
22 428
22 429
22 430
22 431
22 432
22 433
22 434
22 435
22 436
22 437
22 438
22 439
22 440
22 441
22 442
22 443
22 444
22 445
22 446
22 514
22 515
22 516
22 517
22 518
22 519
22 520
22 521
22 522
22 523
22 524
22 525
22 526
22 527
23 336
23 337
23 338
23 339
23 340
23 341
23 342
23 343
23 344
23 345
23 346
23 347
23 348
23 349
23 350
23 351
23 352
23 353
23 354
23 355
23 356
23 357
23 358
23 359
23 360
23 361
23 362
23 363
23 364
23 365
23 366
23 367
23 368
23 388
23 389
23 390
23 391
23 392
23 393
23 394
23 395
23 396
23 397
23 398
23 399
23 400
23 401
23 402
23 403
23 404
23 405
23 406
23 407
23 499
23 500
23 501
23 502
23 503
23 504
23 505
23 506
23 507
23 508
23 509
23 510
23 511
23 512
23 513
24 320
24 321
24 322
24 323
24 324
24 325
24 326
24 327
24 328
24 329
24 330
24 331
24 332
24 333
24 334
24 335
24 351
24 352
24 353
24 354
24 355
24 356
24 357
24 358
24 359
24 360
24 361
24 362
24 363
24 364
24 365
24 366
24 367
24 368
24 476
24 477
24 478
24 479
24 480
24 481
24 482
24 483
24 484
24 485
24 486
24 487
24 488
24 489
24 490
24 491
24 492
24 493
24 494
24 495
24 496
24 497
24 498
25 315
25 316
25 317
25 318
25 319
25 325
25 326
25 327
25 328
25 329
25 330
25 331
25 332
25 333
25 334
25 335
25 463
25 464
25 465
25 466
25 467
25 468
25 469
25 470
25 471
25 472
25 473
25 474
25 475
