0 15.6 866.6 3915.5 3867.7 4680.7 3800.1 4102.9 5676.9 4029.2 4839.2 5683.9 4992.1 5141.7 4208 4345.5 5267.4 3891.8 4277.6 4406.7 6767.2 6683.2 6043.8 7158.5 6832.3 5601.7 5476.9 6702.9 7335.9 5704.6 5448.6 4918.2 3977.5 4358.7 6084.7 6119 5903.8 5966.3 5867.1 5518 7952.6 5393.1 5950.7 8127.4 8248.8 7924.4 6234.1 8595.2 8534.5 7222.1 8135.8
15.6 0 851 3899.9 3852.1 4665 3784.5 4087.3 5661.3 4013.6 4823.5 5668.3 4976.5 5126.1 4192.3 4329.9 5251.8 3876.2 4262 4391.1 6751.5 6667.6 6028.2 7142.8 6816.7 5586.1 5461.3 6687.3 7320.3 5689 5433 4902.6 3961.9 4343.1 6069.1 6103.4 5888.2 5950.6 5851.4 5502.4 7937 5377.5 5935.1 8111.8 8233.2 7908.8 6218.5 8579.6 8518.9 7206.4 8120.2
866.6 851 0 3048.9 3001 3814 2933.5 3236.3 4810.3 3162.6 3972.5 4817.3 4125.5 4275.1 3341.3 3478.9 4400.7 3025.1 3411 3540.1 5900.5 5816.5 5177.1 6291.8 5965.7 4735 4610.2 5836.2 6469.3 4838 4581.9 4051.6 3110.9 3492.1 5218.1 5252.4 5037.2 5099.6 5000.4 4651.4 7086 4526.4 5084 7260.7 7382.2 7057.8 5367.5 7728.5 7667.9 6355.4 7269.2
3915.5 3899.9 3048.9 0 768.9 1581.9 1032.6 1335.4 1986.9 930.4 1740.4 2585.1 1893.3 4741 3807.2 3944.7 2499.8 1124.2 1510 491.2 2880.8 2796.8 2157.4 3272.1 2945.9 1686.2 1561.4 6302.1 6935.2 5303.9 4606.7 4517.4 3576.7 3957.9 5684 5718.2 5503 5565.5 5466.3 4537.2 4825.3 2625.5 3183.1 5000.1 6185 4797.1 3466.5 4626 5407.2 3322.2 5008.5
3867.7 3852.1 3001 768.9 0 1534 984.7 1287.5 1809.2 161.5 1692.5 1816.2 1845.5 4693.1 3759.3 3896.9 2452 1076.4 1462.2 1260.1 3649.7 3565.7 2926.3 4041 3714.8 2109.9 2330.3 6254.3 6887.3 5256 4558.9 4469.6 3528.9 3910.1 5636.1 5670.4 5455.2 5517.7 5418.5 4489.4 5137.2 2577.7 3135.3 5312 6496.9 5109 3418.7 5394.9 5719.1 4091.1 5320.4
4680.7 4665 3814 1581.9 1534 0 1797.7 2100.5 3343.3 1695.6 158.5 2289.7 311.4 5506.1 4572.3 4709.9 3265 1889.4 2275.2 2073.1 4462.7 4378.7 3739.3 4854 4527.8 3268.1 3143.2 7067.2 7700.3 6069 5371.9 5282.6 4341.9 4723.1 6449.1 6483.4 6268.2 6330.6 6231.4 5302.4 5950.2 3390.7 3948.3 6125 7309.9 5922 4231.7 6207.9 6532.1 4904 6133.4
3800.1 3784.5 2933.5 1032.6 984.7 1797.7 0 302.8 2187 1146.3 1956.2 2800.9 2109.1 4625.6 3691.8 3829.3 1467.3 91.7 477.5 1523.8 2967 2883.1 2243.7 3358.4 3032.2 1886.3 1720.5 5473.1 6106.1 5117 3574.1 4402 3461.4 3842.6 5233.3 5253.3 5002.9 5378.6 4548.4 3504.7 4152.5 1593 2150.6 4327.3 5512.2 4124.3 2434 4795.1 4734.4 3421.9 4335.7
4102.9 4087.3 3236.3 1335.4 1287.5 2100.5 302.8 0 1884.2 1449.1 2259 3103.8 2412 4928.4 3994.6 4132.1 1770.1 394.5 174.7 1826.6 2664.2 2580.2 1940.9 3055.5 2729.4 1583.5 1417.6 5775.9 6408.9 5419.8 3877 4704.8 3764.2 4145.4 5536.1 5556.1 5305.7 5681.4 4851.2 3807.5 4455.3 1895.8 2453.4 4630.1 5815 4427.1 2736.8 4409.4 5037.2 3105.6 4638.5
5676.9 5661.3 4810.3 1986.9 1809.2 3343.3 2187 1884.2 0 1647.7 3501.8 1533.4 3511.7 6502.4 5568.6 5706.1 3654.2 2278.6 1709.5 1495.6 1833.1 1749.1 1109.7 2224.4 1898.2 300.7 513.7 6683.3 6050.2 6662.4 5119.6 6278.8 5338.1 5719.3 6778.7 6798.8 6548.3 6924 6093.8 5050.1 3777.6 3779.9 3545.8 3952.4 5137.3 3749.4 3262.4 3578.3 4359.5 2274.5 3960.8
4029.2 4013.6 3162.6 930.4 161.5 1695.6 1146.3 1449.1 1647.7 0 1854.1 1654.7 2007 4854.7 3920.9 4058.4 2613.5 1237.9 1623.8 1421.7 3480.8 3396.8 2757.4 3872.1 3545.9 1948.4 2161.3 6415.8 7048.9 5417.6 4720.4 4631.1 3690.5 4071.7 5797.7 5832 5616.8 5679.2 5580 4651 5298.8 2739.2 3296.8 5473.5 6658.5 5270.6 3580.3 5226 5880.7 3922.2 5482
4839.2 4823.5 3972.5 1740.4 1692.5 158.5 1956.2 2259 3501.8 1854.1 0 2131.2 153 5664.6 4730.8 4868.4 3423.5 2047.9 2433.7 2231.6 4621.1 4537.2 3897.8 5012.5 4686.3 3426.5 3301.7 7225.7 7858.8 6227.5 5530.3 5441.1 4500.4 4881.6 6607.6 6641.9 6426.7 6489.1 6389.9 5460.9 6108.7 3549.2 4106.8 6283.5 7468.4 6080.5 4390.2 6366.3 6690.6 5062.5 6291.9
5683.9 5668.3 4817.3 2585.1 1816.2 2289.7 2800.9 3103.8 1533.4 1654.7 2131.2 0 1978.3 6509.4 5575.6 5713.1 4268.2 2892.6 3242.9 3076.3 3366.5 3282.6 2643.2 3757.8 3431.7 1834.1 2047.1 8070.5 7583.7 7072.2 6375.1 6285.8 5345.1 5726.3 7452.4 7486.6 7271.4 7333.9 7234.7 6305.6 5311.1 4393.9 4951.5 5485.9 6670.8 5282.9 4795.9 5111.7 5893 3807.9 5494.3
4992.1 4976.5 4125.5 1893.3 1845.5 311.4 2109.1 2412 3511.7 2007 153 1978.3 0 5817.6 4883.8 5021.3 3576.4 2200.8 2586.6 2384.5 4774.1 4690.1 4050.7 5165.4 4839.3 3579.5 3454.7 7378.7 8011.8 6380.4 5683.3 5594 4653.3 5034.5 6760.6 6794.8 6579.6 6642.1 6542.9 5613.8 6261.6 3702.1 4259.7 6436.4 7621.3 6233.4 4543.1 6519.3 6843.5 5215.5 6444.8
5141.7 5126.1 4275.1 4741 4693.1 5506.1 4625.6 4928.4 6502.4 4854.7 5664.6 6509.4 5817.6 0 933.8 796.2 4742.1 4717.2 5103.1 5232.2 6089.7 6005.7 6645.1 5530.4 6154.9 6427.1 6302.3 3057.3 3690.3 1773.6 2635.3 223.5 1164.2 783 2006.9 2027 2237.3 1834.8 2712.7 2704.7 5962.9 4616.4 4209 6059.5 4603.2 5991.1 4492.4 6853.5 6466.6 5480.4 6067.9
4208 4192.3 3341.3 3807.2 3759.3 4572.3 3691.8 3994.6 5568.6 3920.9 4730.8 5575.6 4883.8 933.8 0 137.5 3808.4 3783.4 4169.3 4298.4 5155.9 5071.9 5711.3 4596.6 5221.1 5493.4 5368.5 2955.8 3588.8 1957.5 1701.5 710.2 230.4 150.8 2337.6 2371.9 2156.7 2321.5 2120 1770.9 5277.1 3682.7 3275.2 5451.9 4501.7 5248.9 3558.6 5919.7 5859 4546.6 5460.3
4345.5 4329.9 3478.9 3944.7 3896.9 4709.9 3829.3 4132.1 5706.1 4058.4 4868.4 5713.1 5021.3 796.2 137.5 0 3945.9 3921 4306.8 4435.9 5293.5 5209.5 5848.9 4734.2 5358.6 5630.9 5506.1 3093.3 3726.4 2095.1 1839 572.7 368 13.2 2356.1 2376.1 2294.3 2184 2257.5 1908.5 5414.7 3820.2 3412.7 5589.4 4639.3 5386.5 3696.2 6057.2 5996.6 4684.1 5597.9
5267.4 5251.8 4400.7 2499.8 2452 3265 1467.3 1770.1 3654.2 2613.5 3423.5 4268.2 3576.4 4742.2 3808.4 3945.9 0 1375.6 1944.8 2991 2564 2480.1 3119.4 2004.8 2629.2 3353.6 3187.7 4005.8 4638.9 3649.7 2106.9 4518.6 3577.9 3959.1 3766 3786.1 3535.6 3911.4 3081.1 2037.4 2685.2 125.7 683.3 2860 4044.9 2657 966.7 3327.8 3267.1 1954.7 2868.4
3891.8 3876.2 3025.1 1124.2 1076.4 1889.4 91.7 394.5 2278.6 1237.9 2047.9 2892.6 2200.8 4717.2 3783.4 3921 1375.6 0 569.2 1615.4 3058.7 2974.7 2335.3 3380.4 3123.9 1978 1812.1 5381.4 6014.5 5025.3 3482.5 4493.7 3553 3934.2 5141.6 5161.7 4911.2 5286.9 4456.7 3413 4060.8 1501.3 2058.9 4235.6 5420.5 4032.6 2342.3 4703.4 4642.7 3330.3 4244
4277.6 4262 3411 1510 1462.2 2275.2 477.5 174.7 1709.5 1623.8 2433.7 3242.9 2586.6 5103.1 4169.3 4306.8 1944.8 569.2 0 2001.3 2489.6 2405.6 1766.2 2880.9 2554.7 1408.8 1243 5950.5 6583.6 5594.5 4051.6 4879.5 3938.8 4320 5710.8 5730.8 5480.4 5856.1 5025.9 3982.2 4434.1 2070.5 2628.1 4608.9 5793.8 4405.9 2911.5 4234.7 5016 2930.9 4617.3
4406.7 4391.1 3540.1 491.2 1260.1 2073.1 1523.8 1826.6 1495.6 1421.7 2231.6 3029.1 2384.5 5232.2 4298.4 4435.9 2991 1615.4 2001.3 0 2389.6 2305.6 1666.2 2780.9 2454.7 1195 1070.1 6793.3 6606.7 5795.1 5097.9 5008.6 4068 4449.2 6175.2 6209.5 5994.3 6056.7 5957.5 5028.5 4334.1 3116.7 3674.4 4508.9 5693.8 4305.9 3818.9 4134.8 4916 2830.9 4517.3
6767.2 6751.5 5900.5 2880.8 3642.3 4462.7 2967 2664.2 1833.1 3480.8 4621.1 3366.5 4774.1 6089.7 5155.9 5293.5 2564 3058.7 2489.6 2389.6 0 84 723.4 559.3 65.2 1532.4 1366.6 5018.2 4385.1 4997.3 3454.5 5866.2 4925.5 5306.7 5113.6 5133.6 4883.2 5258.9 4428.7 3385 2112.5 2438.3 1880.7 2287.3 3472.2 2084.3 1597.3 2300.7 2694.4 609.3 2295.7
6683.2 6667.6 5816.5 2796.8 3558.3 4378.7 2883.1 2580.2 1749.1 3396.8 4537.2 3282.6 4690.1 6005.7 5071.9 5209.5 2480.1 2974.7 2405.6 2305.6 84 0 639.4 475.3 149.1 1448.4 1282.6 4934.2 4301.1 4913.3 3370.5 5782.2 4841.5 5222.7 5029.6 5049.6 4799.2 5174.9 4344.7 3301 2028.5 2354.4 1796.7 2203.3 3388.2 2000.3 1513.3 2216.7 2610.4 525.4 2211.7
6043.8 6028.2 5177.1 2157.4 2918.9 3739.3 2243.7 1940.9 1109.7 2757.4 3897.8 2643.2 4050.7 6645.1 5711.3 5848.9 3119.4 2335.3 1766.2 1666.2 723.4 639.4 0 1114.7 788.5 809 643.2 5573.6 4940.5 5552.7 4009.9 6421.6 5480.9 5862.1 5669 5689 5438.6 5814.3 4984.1 3940.4 2667.9 2993.7 2436.1 2842.7 4027.6 2639.7 2152.7 2468.6 3249.8 1164.8 2851.1
7158.5 7142.8 6291.8 3272.1 4033.6 4854 3358.4 3055.5 2224.4 3872.1 5012.5 3757.8 5165.4 5530.4 4596.6 4734.2 2004.8 3380.4 2880.9 2780.9 559.3 475.3 1114.7 0 624.4 1923.7 1757.9 4458.9 3825.8 4438 2895.2 5306.9 4366.2 4747.4 4554.3 4574.4 4323.9 4699.6 3869.4 2825.7 1553.2 1879.1 1321.4 1728 2912.9 1525 1038 2195.8 2135.1 50.1 1736.4
6832.3 6816.7 5965.7 2945.9 3707.5 4527.8 3032.2 2729.4 1898.2 3545.9 4686.3 3431.7 4839.3 6154.9 5221.1 5358.6 2629.2 3123.9 2554.7 2454.7 65.2 149.1 788.5 624.4 0 1597.6 1431.7 5083.3 4450.3 5062.4 3519.6 5931.3 4990.7 5371.9 5178.7 5198.8 4948.4 5324.1 4493.8 3450.1 2177.7 2503.5 1945.9 2352.4 3537.4 2149.5 1662.5 2365.8 2759.6 674.5 2360.9
5601.7 5586.1 4735 1686.2 2109.9 3268.1 1886.3 1583.5 300.7 1948.4 3426.5 1834.1 3579.5 6427.1 5493.4 5630.9 3353.6 1978 1408.8 1195 1532.4 1448.4 809 1923.7 1597.6 0 213 6382.6 5749.6 6361.7 4818.9 6203.6 5262.9 5644.1 6478 6498.1 6247.7 6623.4 5793.1 4749.4 3477 3479.3 3245.2 3651.7 4836.7 3448.8 2961.8 3277.6 4058.9 1973.8 3660.2
5476.9 5461.3 4610.2 1561.4 2322.9 3143.2 1720.5 1417.6 513.7 2161.3 3301.7 2047.1 3454.7 6302.3 5368.5 5506.1 3187.7 1812.1 1243 1070.1 1366.6 1282.6 643.2 1757.9 1431.7 213 0 6216.8 5583.7 6195.9 4653.1 6078.8 5138.1 5519.3 6312.2 6332.2 6081.8 6457.5 5627.3 4583.6 3311.1 3313.4 3079.3 3485.9 4670.8 3282.9 2795.9 3111.8 3893 1808 3494.3
6702.9 6687.3 5836.2 6302.1 6254.3 7067.2 5473.1 5775.9 6683.3 6415.8 7225.7 8070.5 7378.7 3086.4 2955.8 3093.3 4005.8 5381.4 5950.5 6793.3 5018.2 4934.2 5573.6 4458.9 5083.3 6382.6 6216.8 0 633.1 1412.6 1898.9 2862.8 2725.3 3106.5 1029.4 1049.5 799.1 1202.3 924.7 1968.4 2905.7 3880.1 3472.6 3002.2 1545.9 2933.8 3756.1 4355.5 3409.3 4408.8 3010.6
7335.9 7320.3 6469.3 7097.9 6887.3 7700.3 6106.1 6408.9 6050.2 7048.9 7858.8 7583.7 8011.8 3719.4 3588.8 3726.4 4638.9 6014.5 6706.7 6606.7 4385.1 4301.1 4940.5 3825.8 4450.3 5749.6 5583.7 633.1 0 2045.7 2532 3495.9 3358.4 3739.6 1662.5 1682.6 1432.1 1835.4 1557.7 2601.4 2272.6 4513.2 4105.7 2369.2 912.9 2300.8 3991.1 3722.4 2776.3 3775.8 2377.6
5704.6 5689 4838 5303.9 5256 6069 5117 5419.8 6662.4 5417.6 6227.5 7072.2 6380.4 1773.6 1957.5 2095.1 3649.7 5025.3 5594.5 5795.1 4997.3 4913.3 5552.7 4438 5062.4 6361.7 6195.9 1412.6 2045.7 0 1542.8 1550.1 1727.1 2108.3 753.5 773.6 613.5 581.4 1068 1612.3 4318.2 3524 3116.6 4414.8 2958.5 4346.4 3400 5761.1 4821.9 4387.9 4423.2
5448.6 5433 4581.9 4606.7 4558.9 5371.9 3574.1 3877 5119.6 4720.4 5530.3 6375.1 5683.3 2635.3 1701.5 1839 2106.9 3482.5 4051.6 5097.9 3454.5 3370.5 4009.9 2895.2 3519.6 4818.9 4653.1 1898.9 2532 1542.8 0 2411.7 1471 1852.3 1659.1 1679.2 1428.8 1804.5 974.2 69.5 3575.6 1981.2 1573.7 3750.4 3444.9 3547.4 1857.1 4218.2 4157.5 2845.1 3758.8
4918.2 4902.6 4051.6 4517.4 4469.6 5282.6 4402 4704.8 6278.8 4631.1 5441.1 6285.8 5594 223.5 710.2 572.7 4518.6 4493.7 4879.5 5008.6 5866.2 5782.2 6421.6 5306.9 5931.3 6203.6 6078.8 2833.7 3466.8 1550.1 2411.7 0 940.7 559.5 1783.4 1803.4 2013.8 1611.3 2489.2 2481.2 5739.4 4392.9 3985.4 5836 4379.7 5767.6 4268.9 6629.9 6243.1 5256.8 5844.4
3977.5 3961.9 3110.9 3576.7 3528.9 4341.9 3461.4 3764.2 5338.1 3690.5 4500.4 5345.1 4653.3 1164.2 230.4 368 3577.9 3553 3938.8 4068 4925.5 4841.5 5480.9 4366.2 4990.7 5262.9 5138.1 2725.3 3358.4 1727.1 1471 940.7 0 381.2 2107.2 2141.5 1926.3 1988.7 1889.5 1540.5 5046.7 3452.2 3044.8 5221.5 4271.3 5018.5 3328.2 5689.3 5628.6 4316.2 5229.9
4358.7 4343.1 3492.1 3957.9 3910.1 4723.1 3842.6 4145.4 5719.3 4071.7 4881.6 5726.3 5034.5 783 150.8 13.2 3959.1 3934.2 4320 4449.2 5306.7 5222.7 5862.1 4747.4 5371.9 5644.1 5519.3 3106.5 3739.6 2108.3 1852.3 559.5 381.2 0 2342.9 2362.9 2307.5 2170.8 2270.7 1921.7 5427.9 3833.4 3426 5602.7 4652.5 5399.7 3709.4 6070.5 6009.8 4697.4 5611.1
6110.9 6095.3 5244.3 5710.2 5662.3 6475.3 5233.3 5536.1 6778.7 5823.9 6633.8 7478.6 6786.8 2007.7 2363.8 2356.9 3766 5141.6 5710.8 6201.4 5113.6 5029.6 5669 4554.3 5178.7 6478 6312.2 1029.4 1662.5 754.3 1659.1 1784.2 2133.4 2343.6 0 20 230.4 172.9 684.9 1728.6 3935.1 3640.3 3232.9 4031.7 2575.4 3963.3 3516.3 5384.9 4438.8 4504.2 4040.1
6131 6115.4 5264.3 5730.2 5682.4 6495.4 5253.3 5556.1 6798.8 5843.9 6653.8 7498.6 6806.8 1987.7 2383.9 2336.8 3786.1 5161.7 5730.8 6221.4 5133.6 5049.6 5689 4574.4 5198.8 6498.1 6332.2 1049.5 1682.6 734.2 1679.2 1764.1 2153.5 2323.6 20 0 250.4 152.8 704.9 1748.7 3955.1 3660.4 3252.9 4051.7 2595.4 3983.3 3536.3 5405 4458.8 4524.3 4060.1
5903.8 5888.2 5037.2 5503 5455.2 6268.2 5002.9 5305.7 6548.3 5616.8 6426.7 7271.4 6579.6 2238.1 2156.7 2294.3 3535.6 4911.2 5480.4 5994.3 4883.2 4799.2 5438.6 4323.9 4948.4 6247.7 6081.8 799.1 1432.1 613.5 1428.8 2014.6 1926.3 2307.5 230.4 250.4 0 403.3 454.5 1498.2 3704.7 3409.9 3002.5 3801.3 2345 3732.9 3285.9 5154.5 4208.4 4273.9 3809.7
5966.3 5950.6 5099.6 5565.5 5517.7 6330.6 5378.6 5681.4 6924 5679.2 6489.1 7333.9 6642.1 1834.8 2219.2 2184 3911.4 5286.9 5856.1 6056.7 5258.9 5174.9 5814.3 4699.6 5324.1 6623.4 6457.5 1201.6 1834.6 581.4 1804.5 1611.3 1988.7 2170.8 172.1 192.1 402.5 0 857 1873.9 4107.2 3785.6 3378.2 4203.8 2747.5 4135.4 3661.6 5557 4610.9 4649.6 4212.2
5867.1 5851.4 5000.4 5466.3 5418.5 6231.4 4548.4 4851.2 6093.8 5580 6389.9 7234.7 6542.9 2741.8 2120 2257.5 3081.1 4456.7 5025.9 5957.5 4428.7 4344.7 4984.1 3869.4 4493.8 5793.1 5627.3 924.7 1557.7 1068 974.2 2518.3 1889.5 2270.7 684.9 704.9 454.5 857.8 0 1043.7 3830.3 2955.4 2548 3926.9 2470.6 3858.5 2831.4 5192.5 4334 3819.3 3935.3
5518 5502.4 4651.4 4537.2 4489.4 5302.4 3504.7 3807.5 5050.1 4651 5460.9 6305.6 5613.8 2704.7 1770.9 1908.5 2037.4 3413 3982.2 5028.5 3385 3301 3940.4 2825.7 3450.1 4749.4 4583.6 1968.4 2601.4 1612.3 69.5 2481.2 1540.5 1921.7 1728.6 1748.7 1498.2 1873.9 1043.7 0 3506.2 1911.7 1504.3 3680.9 3514.3 3478 1787.7 4148.7 4088.1 2775.6 3689.4
7952.6 7937 7086 4825.3 5137.2 5950.2 4152.5 4455.3 3777.6 5298.8 6108.7 5311.1 6261.6 5992 5277.1 5414.7 2685.2 4060.8 4434.1 4334.1 2112.5 2028.5 2667.9 1553.2 2177.7 3477 3311.1 2905.7 2272.6 4318.2 3575.6 5768.5 5046.7 5427.9 3935.1 3955.1 3704.7 4108 3830.3 3506.2 0 2559.5 2001.9 174.8 1359.7 28.2 1718.5 1449.8 581.9 1503.2 183.2
5393.1 5377.5 4526.4 2625.5 2577.7 3390.7 1593 1895.8 3779.9 2739.2 3549.2 4393.9 3702.1 4616.4 3682.7 3820.2 125.7 1501.3 2070.5 3116.7 2438.3 2354.4 2993.7 1879.1 2503.5 3479.3 3313.4 3880.1 4513.2 3524 1981.2 4392.9 3452.2 3833.4 3640.3 3660.4 3409.9 3785.6 2955.4 1911.7 2559.5 0 557.6 2734.3 3919.2 2531.3 841 3202.1 3141.4 1829 2742.7
5950.7 5935.1 5084 3183.1 3135.3 3948.3 2150.6 2453.4 3545.8 3296.8 4106.8 4951.5 4259.7 4209 3275.2 3412.7 683.3 2058.9 2628.1 3674.4 1880.7 1796.7 2436.1 1321.4 1945.9 3245.2 3079.3 3472.6 4105.7 3116.6 1573.7 3985.4 3044.8 3426 3232.9 3252.9 3002.5 3378.2 2548 1504.3 2001.9 557.6 0 2176.7 3361.6 1973.7 283.4 2644.5 2583.8 1271.4 2185.1
8127.4 8111.8 7260.7 5000.1 5312 6125 4327.3 4630.1 3952.4 5473.5 6283.5 5485.9 6436.4 6088.6 5451.9 5589.4 2860 4235.6 4608.9 4508.9 2287.3 2203.3 2842.7 1728 2352.4 3651.7 3485.9 3002.2 2369.2 4414.8 3750.4 5865 5221.5 5602.7 4031.7 4051.7 3801.3 4204.5 3926.9 3680.9 174.8 2734.3 2176.7 0 1456.3 203 1893.3 1624.6 407.1 1677.9 8.4
8248.8 8233.2 7382.2 6185 6496.9 7309.9 5512.2 5815 5137.3 6658.5 7468.4 6670.8 7621.3 4632.3 4501.7 4639.3 4044.9 5420.5 5793.8 5693.8 3472.2 3388.2 4027.6 2912.9 3537.4 4836.7 4670.8 1545.9 912.9 2958.5 3444.9 4408.7 4271.3 4652.5 2575.4 2595.4 2345 2748.3 2470.6 3514.3 1359.7 3919.2 3361.6 1456.3 0 1387.9 3078.2 2809.5 1863.4 2862.9 1464.7
7924.4 7908.8 7057.8 4797.1 5109 5922 4124.3 4427.1 3749.4 5270.6 6080.5 5282.9 6233.4 6182.7 5248.9 5386.5 2657 4032.6 4405.9 4305.9 2084.3 2000.3 2639.7 1525 2149.5 3448.8 3282.9 2933.8 2300.8 4346.4 3547.4 5959.2 5018.5 5399.7 3963.3 3983.3 3732.9 4136.2 3858.5 3478 28.2 2531.3 1973.7 203 1387.9 0 1690.3 1421.6 610.1 1475 211.4
6234.1 6218.5 5367.5 3466.5 3418.7 4231.7 2434 2736.8 3262.4 3580.3 4390.2 4795.9 4543.1 4492.4 3558.6 3696.2 966.7 2342.3 2911.5 3818.9 1597.3 1513.3 2152.7 1038 1662.5 2961.8 2795.9 3756.1 3991.1 3400 1857.1 4268.9 3328.2 3709.4 3516.3 3536.3 3285.9 3661.6 2831.4 1787.7 1718.5 841 283.4 1893.3 3078.2 1690.3 0 2361.1 2300.4 988 1901.7
8595.2 8579.6 7728.5 4626 5387.5 6207.9 4795.1 4409.4 3578.3 5226 6366.3 5111.7 6519.3 6853.5 5919.7 6057.2 3327.8 4703.4 4234.7 4134.8 2300.7 2216.7 2468.6 2195.8 2365.8 3277.6 3111.8 4355.5 3722.4 5761.1 4218.2 6629.9 5689.3 6070.5 5384.9 5405 5154.5 5557.8 5192.5 4148.7 1449.8 3202.1 2644.5 1624.6 2809.5 1421.6 2361.1 0 2031.7 2145.7 1633
8534.5 8518.9 7667.9 5407.2 5719.1 6532.1 4734.4 5037.2 4359.5 5880.7 6690.6 5893 6843.5 6495.7 5859 5996.6 3267.1 4642.7 5016 4916 2694.4 2610.4 3249.8 2135.1 2759.6 4058.9 3893 3409.3 2776.3 4821.9 4157.5 6272.2 5628.6 6009.8 4438.8 4458.8 4208.4 4611.7 4334 4088.1 581.9 3141.4 2583.8 407.1 1863.4 610.1 2300.4 2031.7 0 2085.1 398.7
7208.5 7192.9 6341.9 3322.2 4083.7 4904 3408.4 3105.6 2274.5 3922.2 5062.5 3807.9 5215.5 5480.4 4546.6 4684.1 1954.7 3330.3 2930.9 2830.9 609.3 525.4 1164.8 50.1 674.5 1973.8 1808 4408.8 3775.8 4387.9 2845.1 5256.8 4316.2 4697.4 4504.2 4524.3 4273.9 4649.6 3819.3 2775.6 1503.2 1829 1271.4 1677.9 2862.9 1475 988 2145.7 2085.1 0 1686.4
8135.8 8120.2 7269.2 5008.5 5320.4 6133.4 4335.7 4638.5 3960.8 5482 6291.9 5494.3 6444.8 6097 5460.3 5597.9 2868.4 4244 4617.3 4517.3 2295.7 2211.7 2851.1 1736.4 2360.9 3660.2 3494.3 3010.6 2377.6 4423.2 3758.8 5873.5 5229.9 5611.1 4040.1 4060.1 3809.7 4213 3935.3 3689.4 183.2 2742.7 2185.1 8.4 1464.7 211.4 1901.7 1633 398.7 1686.4 0
