1 32
1 33
1 34
1 35
1 36
2 29
2 30
2 31
2 34
2 52
2 53
3 27
3 28
3 31
3 50
4 25
4 26
4 28
4 49
5 17
5 18
5 19
5 20
5 21
5 22
5 23
5 24
5 26
5 45
5 46
5 47
6 4
6 5
6 6
6 7
6 8
6 9
6 10
6 11
6 12
6 13
6 14
6 15
6 16
6 20
6 21
6 22
6 23
6 24
6 39
6 40
6 41
6 42
7 1
7 2
7 3
7 16
8 60
8 61
8 141
8 142
9 52
9 53
9 54
9 55
9 56
9 57
9 58
9 59
9 60
9 122
9 123
9 124
9 125
9 126
9 127
9 128
9 129
9 130
9 131
9 132
9 133
9 134
9 135
9 136
9 137
9 138
10 50
10 51
10 54
10 55
10 56
10 57
10 58
10 59
10 110
10 111
10 112
10 113
10 114
10 115
10 116
11 49
11 51
11 77
11 78
11 79
11 80
11 81
11 82
11 83
11 84
11 85
11 86
11 87
11 88
11 89
11 90
11 91
12 45
12 46
12 47
12 48
12 70
12 71
12 72
13 39
13 40
13 41
13 42
13 43
13 44
13 48
13 65
13 66
13 67
14 37
14 38
14 43
14 44
14 62
14 63
15 141
15 142
15 143
15 144
15 145
15 146
15 147
15 231
15 232
15 233
15 234
15 235
15 236
15 237
15 238
15 239
15 240
15 241
15 242
15 243
16 122
16 123
16 124
16 125
16 126
16 127
16 128
16 129
16 130
16 131
16 132
16 133
16 134
16 135
16 136
16 137
16 138
16 139
16 140
16 143
16 144
16 145
16 146
16 221
16 222
16 223
16 224
17 110
17 111
17 112
17 113
17 114
17 115
17 116
17 117
17 118
17 119
17 120
17 121
17 139
17 140
17 186
17 187
17 188
17 189
17 190
17 191
17 192
17 193
17 194
17 195
17 196
17 197
17 198
17 199
18 77
18 78
18 79
18 80
18 81
18 82
18 83
18 84
18 85
18 86
18 87
18 88
18 89
18 90
18 91
18 92
18 93
18 94
18 95
18 96
18 97
18 98
18 99
18 100
18 101
18 102
18 103
18 104
18 105
18 106
18 107
18 108
18 109
18 117
18 118
18 119
18 120
18 121
18 172
18 173
18 174
18 175
18 176
18 177
18 178
18 179
18 180
18 181
19 70
19 71
19 72
19 73
19 74
19 75
19 76
19 92
19 93
19 94
19 95
19 96
19 97
19 98
19 99
19 100
19 101
19 102
19 103
19 104
19 105
19 106
19 107
19 108
19 109
19 158
19 159
19 160
19 161
19 162
19 163
19 164
19 165
19 166
19 167
19 168
20 65
20 66
20 67
20 68
20 69
20 73
20 74
20 75
20 76
20 152
20 153
20 154
21 62
21 63
21 64
21 68
21 69
21 148
22 231
22 232
22 233
22 234
22 235
22 236
22 237
22 238
22 239
22 240
22 241
22 242
22 243
22 244
22 245
22 246
22 247
22 248
22 249
22 250
22 251
22 252
22 253
22 254
22 255
22 256
22 257
22 258
22 259
22 260
22 261
22 262
22 263
22 264
22 265
22 266
22 267
22 371
22 372
22 373
22 374
22 375
22 376
22 377
22 378
22 379
23 221
23 222
23 223
23 224
23 225
23 226
23 227
23 228
23 229
23 230
23 244
23 245
23 246
23 247
23 248
23 249
23 250
23 251
23 252
23 253
23 254
23 255
23 256
23 257
23 258
23 344
23 345
23 346
23 347
23 348
23 349
23 350
23 351
23 352
23 353
24 186
24 187
24 188
24 189
24 190
24 191
24 192
24 193
24 194
24 195
24 196
24 197
24 198
24 199
24 200
24 201
24 202
24 203
24 204
24 205
24 206
24 207
24 208
24 209
24 210
24 211
24 212
24 213
24 214
24 215
24 216
24 217
24 218
24 219
24 220
24 225
24 226
24 227
24 228
24 229
24 230
24 300
24 301
24 302
24 303
24 304
24 305
24 306
24 307
24 308
24 309
24 310
24 311
24 312
24 313
24 314
24 315
24 316
24 317
24 318
24 319
24 320
24 321
24 322
24 323
24 324
24 325
24 326
24 327
24 328
25 172
25 173
25 174
25 175
25 176
25 177
25 178
25 179
25 180
25 181
25 182
25 183
25 184
25 185
25 200
25 201
25 202
25 203
25 204
25 205
25 206
25 207
25 208
25 209
25 210
25 211
25 212
25 213
25 214
25 215
25 216
25 217
25 218
25 219
25 220
25 276
25 277
25 278
25 279
25 280
25 281
25 282
25 283
25 284
25 285
25 286
25 287
25 288
25 289
25 290
25 291
25 292
26 158
26 159
26 160
26 161
26 162
26 163
26 164
26 165
26 166
26 167
26 168
26 169
26 170
26 171
26 182
26 183
26 184
26 185
26 272
26 273
26 274
27 152
27 153
27 154
27 155
27 156
27 157
27 169
27 170
27 171
27 269
27 270
28 148
28 149
28 150
28 151
28 155
28 156
28 157
29 371
29 372
29 373
29 374
29 375
29 376
29 377
29 378
29 379
29 380
29 381
29 382
29 383
29 384
29 385
29 386
29 387
29 388
29 389
29 390
29 391
29 392
29 393
29 394
29 395
29 396
29 397
29 398
29 399
29 400
29 401
29 402
29 403
29 404
29 405
29 406
29 407
29 408
29 409
29 544
29 545
29 546
29 547
29 548
29 549
29 550
29 551
29 552
29 553
29 554
29 555
29 556
29 557
29 558
30 344
30 345
30 346
30 347
30 348
30 349
30 350
30 351
30 352
30 353
30 354
30 355
30 356
30 357
30 358
30 359
30 360
30 361
30 362
30 363
30 364
30 365
30 366
30 367
30 368
30 369
30 370
30 380
30 381
30 382
30 383
30 384
30 385
30 386
30 387
30 388
30 389
30 390
30 391
30 392
30 393
30 394
30 395
30 505
30 506
30 507
30 508
30 509
30 510
30 511
30 512
30 513
30 514
30 515
30 516
30 517
30 518
30 519
30 520
30 521
31 300
31 301
31 302
31 303
31 304
31 305
31 306
31 307
31 308
31 309
31 310
31 311
31 312
31 313
31 314
31 315
31 316
31 317
31 318
31 319
31 320
31 321
31 322
31 323
31 324
31 325
31 326
31 327
31 328
31 329
31 330
31 331
31 332
31 333
31 334
31 335
31 336
31 337
31 338
31 339
31 340
31 341
31 342
31 343
31 354
31 355
31 356
31 357
31 358
31 359
31 360
31 361
31 362
31 363
31 364
31 365
31 366
31 367
31 368
31 369
31 370
31 466
31 467
31 468
31 469
31 470
31 471
31 472
31 473
31 474
31 475
31 476
31 477
31 478
31 479
31 480
31 481
31 482
31 483
31 484
32 276
32 277
32 278
32 279
32 280
32 281
32 282
32 283
32 284
32 285
32 286
32 287
32 288
32 289
32 290
32 291
32 292
32 293
32 294
32 295
32 296
32 297
32 298
32 299
32 329
32 330
32 331
32 332
32 333
32 334
32 335
32 336
32 337
32 338
32 339
32 340
32 341
32 342
32 343
32 433
32 434
32 435
32 436
32 437
32 438
32 439
32 440
32 441
32 442
32 443
32 444
32 445
32 446
32 447
33 272
33 273
33 274
33 275
33 293
33 294
33 295
33 296
33 297
33 298
33 299
33 417
33 418
33 419
33 420
33 421
34 269
34 270
34 271
34 275
34 412
34 413
35 268
35 271
35 410
36 544
36 545
36 546
36 547
36 548
36 549
36 550
36 551
36 552
36 553
36 554
36 555
36 556
36 557
36 558
36 559
36 560
36 561
36 562
36 563
36 564
36 565
36 566
36 567
36 568
36 569
36 570
36 571
36 572
36 573
36 574
36 575
36 576
36 577
36 578
36 579
36 580
36 581
36 582
36 583
36 584
36 585
36 708
36 709
36 710
36 711
36 712
36 713
36 714
36 715
36 716
36 717
36 718
37 505
37 506
37 507
37 508
37 509
37 510
37 511
37 512
37 513
37 514
37 515
37 516
37 517
37 518
37 519
37 520
37 521
37 522
37 523
37 524
37 525
37 526
37 527
37 528
37 529
37 530
37 531
37 532
37 533
37 534
37 535
37 536
37 537
37 538
37 539
37 540
37 541
37 542
37 543
37 559
37 560
37 561
37 562
37 563
37 564
37 565
37 566
37 567
37 568
37 569
37 570
37 571
37 572
37 573
37 574
37 684
37 685
37 686
37 687
37 688
37 689
37 690
37 691
37 692
37 693
37 694
38 466
38 467
38 468
38 469
38 470
38 471
38 472
38 473
38 474
38 475
38 476
38 477
38 478
38 479
38 480
38 481
38 482
38 483
38 484
38 485
38 486
38 487
38 488
38 489
38 490
38 491
38 492
38 493
38 494
38 495
38 496
38 497
38 498
38 499
38 500
38 501
38 502
38 503
38 504
38 522
38 523
38 524
38 525
38 526
38 527
38 528
38 529
38 530
38 531
38 532
38 533
38 534
38 535
38 536
38 537
38 538
38 539
38 540
38 541
38 542
38 543
38 662
38 663
38 664
38 665
38 666
38 667
38 668
38 669
38 670
38 671
38 672
38 673
38 674
38 675
39 433
39 434
39 435
39 436
39 437
39 438
39 439
39 440
39 441
39 442
39 443
39 444
39 445
39 446
39 447
39 448
39 449
39 450
39 451
39 452
39 453
39 454
39 455
39 456
39 457
39 458
39 459
39 460
39 461
39 462
39 463
39 464
39 465
39 485
39 486
39 487
39 488
39 489
39 490
39 491
39 492
39 493
39 494
39 495
39 496
39 497
39 498
39 499
39 500
39 501
39 502
39 503
39 504
39 639
39 640
39 641
39 642
39 643
39 644
39 645
39 646
39 647
39 648
39 649
39 650
39 651
39 652
39 653
40 417
40 418
40 419
40 420
40 421
40 422
40 423
40 424
40 425
40 426
40 427
40 428
40 429
40 430
40 431
40 432
40 448
40 449
40 450
40 451
40 452
40 453
40 454
40 455
40 456
40 457
40 458
40 459
40 460
40 461
40 462
40 463
40 464
40 465
40 605
40 606
40 607
40 608
40 609
40 610
40 611
40 612
40 613
40 614
40 615
40 616
40 617
40 618
40 619
40 620
40 621
40 622
40 623
40 624
40 625
40 626
40 627
41 412
41 413
41 414
41 415
41 416
41 422
41 423
41 424
41 425
41 426
41 427
41 428
41 429
41 430
41 431
41 432
41 590
41 591
41 592
41 593
41 594
41 595
41 596
41 597
41 598
41 599
41 600
41 601
41 602
42 410
42 411
42 414
42 415
42 416
42 586
43 708
43 709
43 710
43 711
43 712
43 713
43 714
43 715
43 716
43 717
43 718
43 719
43 720
43 721
43 722
43 723
43 724
43 725
43 766
43 767
43 768
44 684
44 685
44 686
44 687
44 688
44 689
44 690
44 691
44 692
44 693
44 694
44 695
44 696
44 697
44 698
44 699
44 700
44 701
44 702
44 703
44 704
44 705
44 706
44 707
44 719
44 720
44 721
44 722
44 758
44 759
44 760
44 761
44 762
44 763
44 764
44 765
45 662
45 663
45 664
45 665
45 666
45 667
45 668
45 669
45 670
45 671
45 672
45 673
45 674
45 675
45 676
45 677
45 678
45 679
45 680
45 681
45 682
45 683
45 695
45 696
45 697
45 698
45 699
45 700
45 701
45 702
45 703
45 704
45 705
45 706
45 707
45 745
45 746
45 747
45 748
45 749
45 750
45 751
45 752
45 753
45 754
45 755
45 756
45 757
46 639
46 640
46 641
46 642
46 643
46 644
46 645
46 646
46 647
46 648
46 649
46 650
46 651
46 652
46 653
46 654
46 655
46 656
46 657
46 658
46 659
46 660
46 661
46 676
46 677
46 678
46 679
46 680
46 681
46 682
46 683
46 732
46 733
46 734
46 735
46 736
46 737
46 738
46 739
46 740
46 741
46 742
46 743
46 744
47 605
47 606
47 607
47 608
47 609
47 610
47 611
47 612
47 613
47 614
47 615
47 616
47 617
47 618
47 619
47 620
47 621
47 622
47 623
47 624
47 625
47 626
47 627
47 628
47 629
47 630
47 631
47 632
47 633
47 634
47 635
47 636
47 637
47 638
47 654
47 655
47 656
47 657
47 658
47 659
47 660
47 661
47 727
47 728
47 729
47 730
47 731
48 590
48 591
48 592
48 593
48 594
48 595
48 596
48 597
48 598
48 599
48 600
48 601
48 602
48 603
48 604
48 628
48 629
48 630
48 631
48 632
48 633
48 634
48 635
48 636
48 637
48 638
48 726
49 586
49 587
49 588
49 589
49 603
49 604
